              precision    recall  f1-score   support

       akiec       0.98      0.66      0.79        68
         bcc       0.52      0.73      0.61        48
         bkl       0.42      0.45      0.43        73
          df       0.98      0.82      0.89        61
         mel       0.50      0.62      0.56        64
          nv       0.63      0.58      0.60        72
        vasc       0.98      0.90      0.94        52

    accuracy                           0.67       438
   macro avg       0.71      0.68      0.69       438
weighted avg       0.71      0.67      0.68       438

Confusion Matrix:
[[45  7  9  1  4  2  0]
 [ 0 35  9  0  2  2  0]
 [ 0 11 33  0 17 11  1]
 [ 1  2  3 50  2  3  0]
 [ 0  5 14  0 40  5  0]
 [ 0  4 11  0 15 42  0]
 [ 0  3  0  0  0  2 47]]