Classification Report:
               precision    recall  f1-score   support

       akiec       0.93      0.72      0.81       107
         bcc       0.99      0.49      0.66       136
         bkl       0.35      0.33      0.34       142
          df       0.97      0.91      0.94       116
         mel       0.40      0.74      0.52       125
          nv       0.53      0.60      0.57       129
        vasc       1.00      0.87      0.93       120

    accuracy                           0.65       875
   macro avg       0.74      0.67      0.68       875
weighted avg       0.73      0.65      0.67       875

[[ 77   0  20   0   9   1   0]
 [  1  67  31   2  26   9   0]
 [  2   1  47   0  62  30   0]
 [  0   0   4 105   1   6   0]
 [  2   0  18   1  93  11   0]
 [  1   0  14   0  36  78   0]
 [  0   0   1   0   4  11 104]]